#Comments example
#Tue Oct 09 20:19:50 MSK 2018
groupSize=9
key0.7165696716395429=0.28638069163287905
key0.9541652303065808=0.8505407773790641
key0.15111008699330009=0.111759264858032
key0.025623881767979584=0.5368406855170914
OS=Windows
key0.8001637428577262=0.3405042260257608
























